,target
0,-0.041666903605471324
1,-0.06303369119425306
2,-0.01985430242663841
3,-0.044896656251381964
4,0.013809867631493186
5,-0.031508546234065994
6,-0.006730093351002729
7,-0.061549284791405444
8,-0.05186057202697445
9,-0.04607699725996514
10,-0.039790594103516555
11,-0.07227782467229774
12,-0.0033564062995963735
13,0.18982386354115818
14,-0.0655019874783037
15,-0.023614040956909443
16,-0.049832905879907796
17,-0.0512392636624352
18,-0.024660128015068963
19,-0.047607169594247
20,-0.006151111575440607
21,0.1597096169105244
22,0.17675616078712086
23,-0.010307937694286437
24,-0.004564114049806512
25,-0.04515476183108748
26,0.040422795896510495
27,0.16455105079373214
28,-0.022591435496095554
29,-0.030712820830257954
30,0.044994390362923076
31,-0.0382400618193864
32,-0.0625896405825363
33,-0.018118642790019755
34,-0.07162272792716398
35,-0.001828604572735191
36,-0.07564348542132125
37,-0.06453470654083886
38,-0.0917097390335111
39,0.021133488749099802
40,0.10484438590696925
41,-0.024962608021416068
42,0.005732484510274319
43,0.1524399656717122
44,-0.062314594029769674
45,-0.04343053369609062
46,-0.07525441792636184
47,-0.03866952624154148
48,0.1259616261429196
49,-0.06472557978732264
50,-0.05747394057088587
51,-0.05373590949317392
52,-0.057785265555594295
53,-0.047190530265300394
54,0.12294835817820589
55,-0.03427983339332641
56,-0.03456446431170346
57,-0.07273816815033228
58,-0.042595027634135155
59,-0.03382460942803969
60,-0.028151811678061557
61,-0.015618793157964557
62,-0.045000729908477054
63,0.16105935422047432
64,-0.029879309204406998
65,-0.029084347250841032
66,-0.05294354725064055
67,0.1484420409845961
68,-0.04915363144818693
69,0.17061519795763747
70,0.0024203827981333606
71,0.027436480843763125
72,-0.05589230905260006
73,-0.01893533748025738
74,-0.027807816534918633
75,-0.06150011785833642
76,-0.0018138051765016405
77,-0.043984411014758584
78,0.003407152289353018
79,-0.06594309320768713
80,0.11974103822370527
81,-0.032574545314940626
82,0.033664122316660536
83,-0.01740601397682488
84,-0.0671528885522716
85,-0.0541991789069103
86,-0.037017348005933676
87,0.04472144854347651
88,0.013533008643499034
89,-0.055894927058134106
90,-0.03752317438483046
91,-0.029533799702657425
92,0.015591956465044089
93,-0.027985689474910907
94,0.0061835456573234
95,-0.035866014210658236
96,-0.056219489948409127
97,-0.03730674866986203
98,-0.02629641711584447
99,-0.02505337661781999
100,0.14754069857409274
101,-0.018387549825299665
102,0.012528943997854225
103,-0.04534872828809998
104,-0.030342351791523073
105,-0.0007085039750429011
106,-0.0520819460746094
107,-0.04460628382276993
108,-0.0820197578679628
109,-0.03268783277463948
110,-0.00538624367794299
111,-0.039790594103516555
112,-0.032140232938116076
113,-0.037363738978568095
114,0.11932133080193656
115,-0.06999945872333423
116,-0.0031930504678778044
117,-0.03707304979771702
118,-0.00953220560292574
119,-0.02038496705723752
120,0.15480714078938737
121,-0.06735024499220728
122,0.1700867576744472
123,-0.008882968219156599
124,0.11133036229553654
125,-0.02737124443125903
126,-0.011071748787217372
127,-0.044229374605535506
128,0.007396887584353491
129,-0.04518011793070246
130,-0.01475269669785451
131,0.04270271948468544
132,-0.04230287098344424
133,-0.06760084509807207
134,-0.06324497234015047
135,0.1565222887455014
136,-0.042560587464166195
137,-0.026451533164809554
138,-0.03685196718593571
139,-0.029959185583506506
140,-0.05173003241738658
141,-0.025513044689377783
142,-0.0078071310344409225
143,-0.06031799467869188
144,-0.02542183524343315
145,-0.031508546234065994
146,0.11472881902797064
147,-0.036626007288878173
148,-0.09149085134209729
149,-0.06175974664906282
150,-0.04562770381663325
151,0.007255890819721711
152,-0.047346632531495556
153,-0.07906339330583913
154,0.039709808639806526
155,-0.04713650051948819
156,-0.06209095579152479
157,-0.03435204406770408
158,0.13306292010926013
159,-0.037351309097574795
160,-0.027934716892704638
161,0.005732484510274319
162,0.007396887584353491
163,0.005513255790452161
164,-0.02704267796318032
165,-0.0682447299856532
166,-0.06621425036252321
167,-0.08061696223983572
168,-0.008357651519431332
169,-0.007779397566155642
170,0.18628066364540563
171,-0.030989856508969647
172,-0.06054255958643199
173,-0.015598620342082524
174,-0.0003434299611316154
175,0.09777180439373084
176,-0.0441106124866366
177,-0.02776830464267816
178,-0.02672284300701397
179,-0.06438787546850389
180,-0.049439931992756495
181,-0.046607753953352406
182,0.16427214238388427
183,-0.07174412291679644
184,-0.03268783277463948
185,-0.0028756467594192644
186,-0.037068949817751634
187,-0.04855130151490297
188,0.12622185633745597
189,-0.025089535890403112
190,-0.025409174952632167
191,-0.060091202362281514
192,-0.029671083953986165
193,0.13029791824078665
194,-0.028681887981221593
195,0.15456529508821024
196,-0.058157222704074085
197,0.1259503160719571
198,-0.057159528264563324
199,-0.06895979927211744
200,-0.025628822831924053
201,-0.004881896086810937
202,-0.05482913071198541
203,-0.03419274767020013
204,-0.009201062621514967
205,0.15903914901440103
206,-0.043798127167618384
207,-0.027538718419620904
208,0.16349479979385267
209,-0.06418254745816052
210,-0.06654740627635267
211,-0.04659461334852895
212,-0.05528417736482215
213,0.1541382022165793
214,-0.019051772856167052
215,-0.051727329630267514
216,-0.05423648032642243
217,0.18899689941191053
218,-0.049439634143805505
219,-0.0354639758798049
220,0.12110493105259083
221,-0.018723668927516333
222,0.16452394743608273
223,0.13387664441667435
224,0.046476150266466947
225,-0.0389308027020681
226,-0.02799931839136213
227,-0.05257415336839821
228,-0.04707895828830336
229,0.01807656029524619
230,-0.025228831834107377
231,-0.009201062621514967
232,-0.037255755885611586
233,-0.04208146271279679
234,-0.07589563239254053
235,-0.07308559273549478
236,0.19076776750590094
237,-0.008639549151633586
238,0.009854823517167082
239,-0.03099760460249168
240,0.14428645895715944
241,-0.05902390254282408
242,-0.04224047558292408
243,-0.027978659796275313
244,-0.058157354949150315
245,-0.04174337361399792
246,-0.07323216709929141
247,0.10640244146172462
248,0.1147120935087411
249,-0.0305135087932344
250,-0.05594657715909455
251,-0.04440991117779866
252,-0.029508162898743914
253,-0.059887666615144074
254,0.05005256095832947
255,0.1655718060825379
256,0.025426021812994686
257,-0.03074748219154793
258,-0.05813061291056518
259,-0.010022103021129831
260,-0.047473066459724385
261,-0.04337329200456781
262,-0.015610638430979235
263,0.005513255790452161
264,-0.0408007103632822
265,-0.017206805807891502
266,2.8974474342958816e-05
267,0.0068278649317846975
268,-0.07665128213733624
269,-0.06300515071753321
270,-0.02588363412966248
271,-0.008882968219156599
272,0.030270981754361985
273,0.1404159255514239
274,-0.05410726210947355
275,-0.06896883658186874
276,-0.010906475243353702
277,-0.03895304522452295
278,-0.024425704835091683
279,0.009922468766260637
280,-0.04668066501607067
281,-0.005619174678526097
282,-0.008882968219156599
283,0.1539172671775202
284,0.16704036903630815
285,-0.008882968219156599
286,0.1707417285389776
287,-0.08333100721271698
288,-0.03523396772627961
289,-0.03427983339332641
290,0.04397660348427221
291,-0.0597177207437131
292,-0.030466653433485747
293,0.044055312047189606
294,-0.034410670089189695
295,-0.04347727106727006
296,-0.06049286250281462
297,-0.018506252235629808
298,-0.022874085077806045
299,-0.06498740501855069
300,-0.025736158435154817
301,-0.019939311787368835
302,-0.058962418744033004
303,0.1305588552198216
304,-0.023110687043960673
305,-0.02676787044670373
306,0.12989772222932172
307,-0.039923217896670624
308,-0.00953220560292574
309,0.00040035712473011085
310,-0.028349672658193704
311,0.16083528294659505
312,-0.034405277547322456
313,-0.058752431167991434
314,-0.03911826651136319
315,-0.057229644519771916
316,0.1772663518574195
317,-0.017206805807891502
318,-0.034057067138889834
319,-0.0007085039750429011
320,-0.03910173145143692
321,-0.018723668927516333
322,-0.00514440856023392
323,-0.01575893342569057
324,-0.03623140904165871
325,-0.00443766924599441
326,0.1422566602608342
327,-0.01400425549267854
328,-0.0612481998175395
329,0.1463954187948007
330,-0.06656685630458807
331,-0.0598105013457576
332,0.1479293776713142
333,-0.03911826651136319
334,-0.050584949778122605
335,-0.05495764255078815
336,0.14207111096131536
337,-0.05204652696160684
338,-0.06673944019443488
339,0.00043076338617181785
340,0.19210392361898
341,0.00460548465710422
342,-0.030043339276473804
343,-0.02182222534617735
344,-0.04942480387881893
345,-0.07495877087927295
346,0.17450048319803751
347,0.0031999293884960884
348,0.0264312134772053
349,-0.032876494335474744
350,0.1738563067296126
351,-0.0013139360351017682
352,0.007022355912779555
353,-0.06869184813110878
354,0.12846201424914394
355,-0.05768726399283788
356,0.13261552859277226
357,-0.041999740686475405
358,-0.036323630103760454
359,-0.037506050453174844
360,-0.025513044689377783
361,-0.014387908411637203
362,0.1560172229819849
363,-0.043637983525508885
364,0.045189727788437065
365,0.027534118986311848
366,0.11083818199754046
367,-0.03062862907900669
368,-0.027124218057482746
369,-0.0674772732352541
370,-0.036743692923188
371,-0.06072353026103942
372,-0.02231687777432791
373,0.009231632117468372
374,0.04424862491851635
375,-0.03951978404499984
376,-0.046959132610633635
377,-0.03911826651136319
378,-0.026171752816541192
379,-0.02005157673253248
380,-0.030043339276473804
381,-0.015827422376926956
382,-0.049817748652049014
383,-0.04869811863691864
384,0.04308901025488318
385,-0.060205218023761636
386,-0.06080604612751558
387,-0.041484598422327885
388,-0.006493481451838134
389,-0.06025307973755522
390,0.049517236321093616
391,0.002935518042192744
392,0.15174010119746287
393,-0.03762893459650232
394,0.1758147061444501
395,-0.049436050440072335
396,-0.03985778931798613
397,0.15497285416097828
398,0.12400559669807404
399,-0.04074002688708171
400,0.009922468766260637
401,-0.02420559634183443
402,-0.0304453750936946
403,-0.00720427567085416
404,0.15452549198754628
405,-0.04387062054018182
406,-0.0010300486870954322
407,0.1404159255514239
408,0.19072463916665908
409,-0.03631617529062066
410,-0.014826644750024386
411,-0.02887529664192273
412,-0.02887529664192273
413,0.04563858912957698
414,-0.019717233935435317
415,0.13619496453514482
416,-0.03631618919906928
417,-0.045153658206464324
418,0.02877742015420206
419,-0.006890945586149576
420,-0.05147628987047377
421,-0.05349858467607492
422,0.18871716987049172
423,-0.05149078412631574
424,0.13490037971628147
425,0.18177619048582244
426,-0.029042552632034185
427,0.13153017698856706
428,-0.04366292469003141
429,-0.05458339145889611
430,-0.013039492562159694
431,-0.04178261777693559
432,-0.023209854568064427
433,0.011197231711041492
434,-0.023943233628394185
435,-0.0034865374713884626
436,0.10000678620446284
437,0.13479560449432304
438,-0.06062399671153025
439,-0.09426048939345708
440,-0.037363738978568095
441,0.18811956593509552
442,-0.06264628033222186
443,0.031319284357999466
444,-0.021176330522208162
445,-0.014090916611644359
446,-0.02901208165566192
447,-0.018506252235629808
448,0.1446573315381438
449,0.028886643998661088
450,-0.008975954015308256
451,-0.05633299807147117
452,0.18871716987049172
453,0.1359571773272801
454,0.17893427436202058
455,-0.03680588457965663
456,-0.05220665016683377
457,-0.023210801482219528
458,-0.04814743577048641
459,-0.025404896159951406
460,-0.04440427782599514
461,0.1273654400491015
462,0.041335390433864166
463,0.16319323585714135
464,-0.07233351036356404
465,0.052976545654001166
466,-0.026960230505488757
467,0.028238878874853372
468,0.03933162131550626
469,0.16332629430645343
470,-0.04774880371133168
471,0.11794525408962574
472,-0.04838963884275912
473,-0.019939311787368835
474,-0.022922668230568675
475,-0.05648920884891921
476,-0.06532666581573657
477,0.03654243352828377
478,-0.045065780134260866
479,-0.020951537323650068
480,-0.001944403045403593
481,-0.04558142267920065
482,-0.027595514954121256
483,0.03974031622467221
484,-0.043366571985979936
485,0.17820917580369441
486,0.019580972018656762
487,-0.01634580875842831
488,0.0017923139282476062
489,-0.024363994974590502
490,0.005513255790452161
491,-0.045296262734375085
492,0.13289371384610865
493,-0.030043339276473804
494,-0.035809436585124005
495,-0.020297818172836834
496,-0.008352987647868118
497,0.007313783739148738
498,-0.08611824577332945
499,-0.03606012570340465
500,0.006980520250967057
501,-0.01827416530327071
502,-0.056917439301081674
503,-0.021767416951393073
504,-0.06580880326229124
505,0.003255753527463759
506,-0.024461075845422474
507,-0.01808983430000822
508,-0.06873669070842958
509,-0.03931051217263942
510,-0.022980488937299398
511,0.09987851495048888
512,-0.04171591157267283
513,-0.0215014495042436
514,0.14604975992403857
515,0.1446573315381438
516,-0.023534112219376277
517,-0.02807945392096843
518,-0.04309180255191541
519,0.1342983041994218
520,-0.0017091941216178244
521,0.0007418254476455513
522,-0.042628632138840925
523,0.03774670460416377
524,-0.04241489096912865
525,-0.04806907825418765
526,-0.04234271244432352
527,0.15408748747885195
528,0.00983558538898709
529,-0.08222550262544984
530,0.14640215514279606
531,0.10581219354693801
532,-0.06911704337149899
533,-0.02038904762567636
534,-0.05486693126993584
535,0.12389371597962158
536,-0.009556646821518185
537,0.17675616078712086
538,-0.0628474653001007
539,-0.05035348572573077
540,-0.060790887653319
541,0.13177852920025346
542,-0.07281852286146837
543,0.17149353945267753
544,-0.037467111726539146
545,-0.0329688874770447
546,-0.02474388479916483
547,0.04270271948468544
548,-0.02886593572167991
549,0.014859363586445132
550,-0.01508711592598548
551,-0.05664951463471867
552,0.012194512070755427
553,0.013540083328532983
554,0.13872180461335795
555,-0.0003434299611316154
556,0.010959717038602032
557,2.8974474342958816e-05
558,-0.056264196587677937
559,-0.05030208678758526
560,-0.07065667823712561
561,-0.03140122976206764
562,-0.007105380376098256
563,-0.0613036660955516
564,-0.02334805019650555
565,-0.0302307895068996
566,0.0795232501039346
567,-0.04080358030637452
568,-0.02364591434481233
569,-0.007354112676582187
570,-0.01089849663976718
571,-0.038231966199969374
572,-0.04114839155567829
573,0.004112044524890493
574,-0.015306012994300539
575,0.18781109908980273
576,-0.05178439445282483
577,-0.01990219961542141
578,-0.03105691878766263
579,-0.022025949526087253
580,0.12495879248586553
581,-0.052307206411652124
582,-0.05214888059197744
583,-0.023005500962677346
584,0.04610406987030577
585,-0.028386313973336384
586,0.18166056856497226
587,-0.026579000838201094
588,-0.006025332893713453
589,0.1573472384515513
590,-0.004982750505298699
591,0.011586047103215709
592,-0.0482919027555016
593,-0.08621710111173933
594,0.132529934219116
595,-0.018387549825299665
596,0.14117141859032326
597,0.013809867631493186
598,-0.05183639396563375
599,-0.03099760460249168
600,-0.01808983430000822
601,0.02500090298378148
602,-0.055597265005527224
603,-0.06496999591988024
604,-0.03604257078985217
605,-0.03493479914963525
606,-0.03921737152395203
607,0.0031999293884960884
608,0.14876877018655332
609,-0.03797365773713871
610,-0.043059829337502756
611,-0.03557810273664706
612,-0.012090269771248587
613,-0.014544726826166629
614,-0.02825281530144804
615,-0.006048282338746262
616,-0.028625182201476074
617,-0.056600541894771775
618,-0.041258954231987596
619,-0.04543179883477109
620,-0.09555807960098148
621,-0.03668815684481855
622,-0.0015897560438598753
623,0.1294134858850451
624,-0.02108235462776395
625,-0.007266108303521698
626,-0.028499867740064973
627,-0.06182187110979441
628,-0.09060358787793685
629,0.14996829347845095
630,-0.045665900923913
631,-0.015098377186771844
632,-0.05070063915300308
633,-0.05458728168776812
634,-0.04487360956282177
635,-0.026624813045483024
636,-0.06550025147152846
637,-0.08729235682151357
638,0.14086840882899437
639,-0.027310673132260033
640,0.16427214238388427
641,-0.041557276270481634
642,-0.0409903104541429
643,-0.03954159261732515
644,0.16697649709900975
645,-0.020562019345335227
646,-0.03950992108188349
647,-0.004881896086810937
648,-0.052837309370635736
649,-0.01564597292724578
650,-0.05410472394744991
651,-0.024425704835091683
652,-0.021090934464196284
653,0.0912737159314903
654,-0.006048282338746262
655,0.046476150266466947
656,-0.014629261099793886
657,-0.04432422866043637
658,-0.0048970619985410305
659,-0.03856036428993244
660,-0.046625299535652046
661,0.04472144854347651
662,-0.05750205479194154
663,-0.03895304522452295
664,0.17061519795763747
665,-0.01808983430000822
666,-0.0360988430683158
667,0.03774670460416377
668,-0.057755427475360534
669,-0.0542978431442041
670,-0.01864006356557878
671,0.1279221707450001
672,-0.023631975670853154
673,-0.014189953287593942
674,0.021927050583855485
675,0.07372464673838383
676,0.12233550870820058
677,-0.013964745518553028
678,-0.007049199195250056
679,-0.0599485940797356
680,-0.018387549825299665
681,-0.029668154526308894
682,-0.04490483821347534
683,-0.03296890725867287
684,-0.08215207918347843
685,-0.02945421898711195
686,0.15551116654964886
687,-0.02661030736982461
688,0.11888013667349515
689,-0.0004909369468474819
690,0.12543338246857538
691,0.04424862491851635
692,0.012271664055953526
693,0.053019614144920395
694,-0.024734110166749687
695,-0.04050752494642465
696,0.010231329341153717
697,-0.030366129878325317
698,-0.07707527258536315
699,-0.055553276991459434
700,-0.059972852781547584
701,0.15254682888661594
702,-0.045199029968528065
703,0.08625558906323098
704,-0.013728894716492626
705,0.11512828125107216
706,-0.06844001116946367
707,-0.07978996799400943
708,-0.05724352529967593
709,0.04610406987030577
710,-0.029488921073744116
711,0.1467316474291558
712,0.04472144854347651
713,0.14941178611982958
714,-0.0354639758798049
715,-0.057185872095839835
716,0.005732484510274319
717,-0.01992237901463169
718,0.15948622614261831
719,-0.012173145209667384
720,-0.03786746086544895
721,-0.04748944435708935
722,-0.058771934539455874
723,0.017289223744846875
724,0.17341719640360748
725,-0.04404651171826086
726,-0.06624221472687025
727,0.12179877155537397
728,-0.05204652696160684
729,-0.03716082730953895
730,-0.041729219975060634
731,-0.041203176158037785
732,0.04270271948468544
733,0.17886029238720372
734,-0.05767283409755116
735,0.1537730227798071
736,0.13273956705906076
737,-0.045679962457596784
738,-0.025156912623551877
739,-0.05796546473210744
740,-0.06936417605304876
741,0.1592802530227266
742,-0.040855297003295925
743,-0.0003434299611316154
744,-0.05765619299312044
745,0.17450244465795356
746,-0.04054445623348242
747,-0.07076076643165641
748,0.13308094498323347
749,0.0007418254476455513
750,0.13600487259430322
751,-0.006903334870430434
752,0.01216097783326976
753,-0.08295971652782541
754,-0.026547134176682155
755,-0.052793534681818494
756,0.10802740088090534
757,-0.008908858540381485
758,-0.01677676406882979
759,0.14551714185805015
760,-0.03998744125334735
761,-0.025523383685306836
762,0.14776037342610776
763,-0.04575558966530139
764,-0.04885148142003354
765,0.18082391958570945
766,-0.06811255184395365
767,0.11513391505939731
768,-0.004881896086810937
769,-0.08047633536047782
770,0.009922468766260637
771,-0.04294301204990703
772,-0.013665718537983462
773,0.159920236095996
774,0.003407152289353018
775,-0.022165520021608875
776,-0.05608713971415872
777,0.008056175421647327
778,-0.07466320013943319
779,-0.07691430943282905
780,-0.041214671591751954
781,-0.06560345747010854
782,-0.04945173811618587
783,-0.06937902055161255
784,0.13078571677716422
785,-0.05244490012329873
786,-0.06407839488992509
787,0.041746858265679775
788,0.018864682721509256
789,-0.047815180051399626
790,-0.019939311787368835
791,-0.01986563440920284
792,0.137568535806981
793,-0.01575893342569057
794,0.14734828318447007
795,0.18564418407994537
796,-0.06357663852088075
797,-0.0520826570029411
798,-0.045439832648582486
799,0.12535740451023103
800,-0.034870435221049524
801,0.043647185028574176
802,-0.0037851533416138755
803,-0.10135803336789326
804,-0.01844468782792664
805,-0.06312736084444048
806,-0.040861967372279574
807,-0.03776638207067188
808,0.010959717038602032
809,-0.033093746167054516
810,-0.06524520662473055
811,-0.05141718992335551
812,0.12030802257063368
813,-0.02486162037886718
814,-0.047701541878749074
815,-0.03294474233478884
816,-0.006916427601315005
817,0.14898440761941528
818,0.02117614358532943
819,-0.05499478900379371
820,-0.015925008764360038
821,0.13046319329520226
822,-0.02334805019650555
823,-0.061468505519558764
824,0.1738181556431704
825,-0.05165719141001746
826,0.14560484754397193
827,-0.031444271730908926
828,0.04472144854347651
829,0.032332719658414874
830,0.025108840774577566
831,-0.0509693055190556
832,0.15441032397304144
833,-0.026547134176682155
834,-0.03223198870768103
835,-0.014347536067085912
836,-0.08864250139035748
837,-0.03901592968174704
838,-0.05452625702884919
839,-0.02887529664192273
840,0.1820025389483946
841,-0.02898638248752891
842,-0.013761607867609986
843,0.18110256628939428
844,-0.04189048817279886
845,-0.018352237514718005
846,-0.03927255926066725
847,-0.003463108435975172
848,-0.07379212291455307
849,-0.0040143981027249255
850,0.1485190667972956
851,-0.053640111352374564
852,-0.025777782096490155
853,-0.04845033312541787
854,-0.04571849665246583
855,-0.044099716807723274
856,-0.016983312439243965
857,-0.04528679937769555
858,0.14872711197533184
859,-0.007344673613239577
860,0.03346337173898101
861,-0.034057067138889834
862,-0.044840583288680305
863,-0.0008130165740733886
864,-0.07752921335749254
865,0.15731070354183926
866,-0.023766455256438904
867,-0.00538624367794299
868,0.012961555248607221
869,0.03654243352828377
870,0.040422795896510495
871,-0.07649846855700256
872,0.12952322333216737
873,-0.052614857647831206
874,0.027436480843763125
875,-0.03093477629295758
876,-0.05073532031140684
877,-0.061245971547107064
878,-0.03913594405263655
879,-0.04364962418788983
880,-0.07469050607196075
881,-0.014649894330688445
882,-0.034379424226454125
883,-0.06439719288686907
884,0.03933162131550626
885,-0.05768108892897088
886,-0.007779397566155642
887,-0.06460000512703679
888,-0.031508546234065994
889,-0.02744570250811293
890,0.02450447265134085
891,-0.07763012381398963
892,-0.04738342963194621
893,0.018521564862355587
894,-0.05690943549163683
895,-0.03713353413127456
896,9.207320116834633e-06
897,0.15656691342742587
898,0.15044253029551702
899,-0.055202285258999985
900,-0.025468838914298055
901,-0.053138048793564374
902,-0.01677676406882979
903,-0.029551491698351917
904,-0.015598620342082524
905,-0.013741290384972567
906,-0.044632990366994404
907,-0.0017091941216178244
908,0.043647185028574176
909,-0.022535025865873262
910,-0.029217091445641934
911,-0.000460303751589136
912,-0.058221911062993195
913,0.17468840779972206
914,-0.049497769221815514
915,-0.03099760460249168
916,-0.04364962418788983
917,0.1476321211921906
918,0.0017079642731829543
919,-0.004130100208319694
920,0.009922468766260637
921,-0.0031583796306146974
922,-0.061650833029580854
923,-0.06626625594085098
924,-0.04420969805782993
925,-0.010188596905337983
926,-0.04528679937769555
927,-0.04633031974425982
928,-0.0304453750936946
929,-0.018506252235629808
930,0.16755458748166313
931,0.017736092159645438
932,0.029948201951230824
933,0.16927735519015374
934,-0.08691504782768436
935,-0.032916248077681516
936,0.18166056856497226
937,-0.02906276083744188
938,-0.037089840297759864
939,-0.05495764255078815
940,0.1655718060825379
941,-0.02784886415540397
942,-0.07396059861152364
943,-0.03826786002222324
944,-0.03046880533277304
945,0.15224370445044733
946,-0.03638336510907693
947,-0.014562232481857357
948,-0.03407690964845603
949,-0.04127346840528387
950,-0.016365298726747458
951,-0.041311907196137976
952,-0.05485603205544498
953,-0.0075301732817649285
954,-0.012173145209667384
955,-0.029317828962360924
956,0.1793123199316813
957,-0.04474586130502634
958,0.008834917686472793
959,-0.02927538577474649
960,-0.028681887981221593
961,-0.06296039509603674
962,-0.01948882708230928
963,-0.012600876962700477
964,0.1503459396826203
965,0.14559033930572576
966,-0.03646021003367043
967,-0.04793620874288484
968,0.015187259931769483
969,0.005079666016166823
970,-0.06897127099542047
971,-0.01135206352733306
972,-0.057121129220512684
973,-0.012173145209667384
974,-0.026856439213145705
975,-0.04268200636304903
976,-0.048540382132864913
977,-0.06559761647450804
978,-0.04323735985367985
979,-0.017098918096883124
980,0.15593904302327197
981,-0.04351963095889757
982,-0.056183913425688244
983,-0.034281689022266124
984,0.03346337173898101
985,-0.03623140904165871
986,-0.0353334814887034
987,-0.024663164014406807
988,-0.02195364747984328
989,0.031319284357999466
990,0.007396887584353491
991,-0.03498600364790858
992,-0.049191010736749155
993,0.1286905442371578
994,-0.00245297284777532
995,-0.05497270760983451
996,0.17989890924873733
997,-0.04738581332471378
998,-0.00551342791072049
999,0.04807844029427876
1000,-0.025523383685306836
1001,-0.05342061609548502
1002,0.15526305814188038
1003,-0.10029397513925659
1004,0.012271664055953526
1005,-0.0870775753711301
1006,-0.016404432200403864
1007,0.005341651387680835
1008,-0.01559731924284869
1009,0.13062703426865102
1010,0.03654243352828377
1011,-0.06835895956739654
1012,-0.061374195268613985
1013,-0.06158030038276144
1014,-0.028867335738387782
1015,-0.00877528557647234
1016,-0.06285203353529212
1017,-0.04446258993713272
1018,-0.03994103611656913
1019,-0.058563538970052426
1020,0.12087647026393705
1021,-0.032132527899331007
1022,-0.06465160460665018
1023,-0.050694681405589075
1024,0.12296681672052162
1025,-0.05234295599095294
1026,-0.05209316938846057
1027,-0.051867657597434245
1028,-0.014090916611644359
1029,-0.05260611984875666
1030,0.1504139710613055
1031,-0.03716082730953895
1032,-0.06213315230385304
1033,-0.09491088665233058
1034,-0.05379906118047179
1035,-0.04924309440602945
1036,-0.03900571919402115
1037,-0.007266108303521698
1038,-0.024734110166749687
1039,-0.002012954461244265
1040,-0.030373117092776507
1041,-0.04197641439838036
1042,-0.056083032306333255
1043,0.008164125802404639
1044,-0.06698166873787717
1045,0.1518196372187246
1046,0.0008525924553206801
1047,-0.029488921073744116
1048,-0.04216287095464281
1049,-0.037047316656404435
1050,-0.034974182608518777
1051,-0.05128211837393616
1052,-0.02336446869852726
1053,-0.010525637832334712
1054,-0.019028742892472316
1055,0.16455105079373214
1056,0.1323250544836757
1057,0.1455116454492743
1058,-0.02886593572167991
1059,-0.03845933176337827
1060,-0.008352987647868118
1061,-0.03536690712703728
1062,-0.06909784021725657
1063,0.1269331440338909
1064,0.12937085230708667
1065,-0.01864006356557878
1066,-0.04333655637945836
1067,-0.0645823386963292
1068,0.16400080596238673
1069,-0.05219683686252982
1070,-0.05478888914282506
1071,-0.014243551987973852
1072,-0.042565079780408965
1073,0.1560737570269615
1074,-0.0059741428248090735
1075,-0.06999945872333423
1076,0.12860868173902323
1077,0.14117141859032326
1078,0.045189727788437065
1079,-0.04194435548192764
1080,-0.030818336726447
1081,-0.00558732439992958
1082,-0.05009895610382665
1083,-0.001299467007479483
1084,-0.02182222534617735
1085,-0.05314868443678422
1086,0.11155490698903907
1087,-0.018610738945812284
1088,-0.07007395558705254
1089,-0.0464495277310709
1090,-0.0018138051765016405
1091,0.010112276173310777
1092,-0.05835370242079445
1093,-0.02368208640211831
1094,-0.034870435221049524
1095,-0.023790322480987402
1096,-0.09693143788273868
1097,0.12525266203616037
1098,-0.05543805604503349
1099,-0.058532293363492145
1100,-0.06663142352284172
1101,0.1465905709807547
1102,-0.025468838914298055
1103,0.017294726535010137
1104,-0.06885293253040342
1105,-0.08723946690596457
1106,-0.003187005905800411
1107,-0.03500305216596264
1108,-0.0640183677179692
1109,-0.032786698281539184
1110,-0.059423311726326186
1111,-0.03500225512393652
1112,-0.008146309105178055
1113,-0.03532677292931639
1114,-0.0836067710244844
1115,-0.0364427235790117
1116,-0.019570884229708048
1117,-0.06371686393560355
1118,-0.07990208134322963
1119,0.11200993237819605
1120,-0.0072723970907573425
1121,-0.05537574773316041
1122,-0.01162868396164513
1123,-0.03343466534287369
1124,-0.05738004711844867
1125,-0.056209476812090764
1126,-0.02414190776344121
1127,-0.04271407287567185
1128,-0.05792382001335835
1129,0.17061519795763747
1130,-0.030019823766543635
1131,-0.010435137621602888
1132,-0.02892357071320687
1133,-0.06058669011659106
1134,-0.07009196181435987
1135,-0.01648962536350483
1136,0.13029791824078665
1137,0.1362713407563582
1138,-0.02937068206040991
1139,-0.051922721322860334
1140,0.0020724408019044994
1141,-0.013665718537983462
1142,-0.044766472352049905
1143,-0.012766682752971768
1144,-0.052121667815188844
1145,-0.056066121961984086
1146,-0.0932401657616654
1147,-0.010307937694286437
1148,0.15642144898238405
1149,0.12023316167993194
1150,0.10293558170603363
1151,-0.04523990719915476
1152,-0.026829831889194543
1153,-0.04403144985069969
1154,-0.042653626338765384
1155,0.040422795896510495
1156,-0.01004906459989673
1157,-0.017098918096883124
1158,-0.017594647038849304
1159,-0.031987345476726256
1160,-0.05759932636364871
1161,0.01948896204032513
1162,-0.06535883642350075
1163,-0.0031583796306146974
1164,-0.03998744125334735
1165,0.013533008643499034
1166,-0.004982750505298699
1167,-0.02891531431910825
1168,-0.068312717641432
1169,0.1469610296233063
1170,-0.07925488510955278
1171,0.18216686921048109
1172,0.13892935211092616
1173,-0.000987869746659179
1174,-0.08843254928191412
1175,-0.06965168125506987
1176,0.009828962326558166
1177,-0.03611263966524415
1178,0.044055312047189606
1179,0.0123967678525987
1180,-0.028741163134563763
1181,-0.05196284897785893
1182,-0.029533799702657425
1183,0.11289008857961111
1184,0.012528943997854225
1185,0.16686118478201992
1186,-0.031025770528513418
1187,0.03654243352828377
1188,0.012961555248607221
1189,-0.05270541645695855
1190,-0.04106710537722177
1191,-0.058337931866482055
1192,-0.023876710158288485
1193,-0.06948886533734014
1194,-0.017098918096883124
1195,0.008164125802404639
1196,-0.059161619696864315
1197,-0.030372897563220508
1198,-0.0630735624785873
1199,0.005555859270100092
1200,-0.0037851533416138755
1201,-0.03708670309607769
1202,0.17566447038319635
1203,0.1498697101552981
1204,0.15895757238665045
1205,0.013157849258933407
1206,-0.0671493429740627
1207,-0.04528679937769555
1208,-0.0576588507053583
1209,-0.06522975230851509
1210,-0.04242938557633884
1211,-0.0877889556829363
1212,-0.010818689214725006
1213,2.5277322141953936e-05
1214,-0.023282597755883126
1215,-0.0031583796306146974
1216,-0.019963818022186917
1217,0.15202225453203408
1218,-0.03974741646165734
1219,-0.05158874595975896
1220,0.007378349617741424
1221,0.1256500573204456
1222,-0.045997769853924314
1223,-0.02886593572167991
1224,0.003937796250629171
1225,0.13608607606870216
1226,-0.039040457263267776
1227,-0.006268985100629669
1228,-0.059943153904075556
1229,-0.02805757160137019
1230,-0.03298863859093476
1231,0.13893392607641553
1232,-0.0641646065702349
1233,0.008834917686472793
1234,0.014479091664960468
1235,-0.05845707872981226
1236,0.16755458748166313
1237,-0.06722374955431541
1238,-0.009014196789534464
1239,-0.05517415806944961
1240,0.03974031622467221
1241,0.1349884803707886
1242,-0.03716082730953895
1243,-0.0799861839806115
1244,-0.07304608605564829
1245,-0.03548309893872045
1246,-0.028371842052290416
1247,0.1310972918583866
1248,0.0009354861560450956
1249,-0.011526627830644705
1250,-0.0069591341655877055
1251,-0.049920333480244654
1252,0.19072463916665908
1253,0.1795961280165487
1254,-0.04339684981839366
1255,-0.046819097668294216
1256,-0.040127519011340956
1257,-0.028695601996537298
1258,-0.05723535115897094
1259,-0.021090934464196284
1260,-0.04337329200456781
1261,-0.05256547022098682
1262,0.14872711197533184
1263,-0.06261460617589364
1264,0.01743269732023236
1265,-0.06015176313958547
1266,0.0017923139282476062
1267,-0.03088668768991252
1268,-0.018182987800515048
1269,-0.05985345101726866
1270,-0.07053236223172928
1271,-0.05110321356605935
1272,-0.0215014495042436
1273,-0.023246333428038335
1274,-0.02675392533208314
1275,0.003937796250629171
1276,-0.06753645535215583
1277,-0.0509693055190556
1278,0.0059660404950803315
1279,-0.03496959257168383
1280,-0.019081337812893274
1281,0.009663725049667768
1282,-0.04923348024522223
1283,-0.02887529664192273
1284,-0.03528160659195227
1285,-0.01700088839500932
1286,0.13334797551929956
1287,-0.04817643392445477
1288,0.12884412576898074
1289,0.04002067297957952
1290,-0.03637120225752895
1291,-0.055100734518694565
1292,-0.053033139424826695
1293,-0.046975912525651906
1294,-0.026714570219947498
1295,-0.06086804933346478
1296,0.14026373631239042
1297,0.15246597385863747
1298,-0.03435204406770408
1299,-0.053640111352374564
1300,0.14165630006452623
1301,-0.03213220881226545
1302,-0.01803887196015581
1303,-0.043854708992427674
1304,-0.017393723470998688
1305,0.0374308689556895
1306,0.12342200012462336
1307,-0.003172487093122658
1308,-0.04364962418788983
1309,-0.027837850966174343
1310,-0.005940758203989779
1311,-0.0684673368300194
1312,-0.015585671549448881
1313,0.1503995754930575
1314,0.0038666640881964264
1315,-0.0582710981575776
1316,0.14797410443058334
1317,-0.03744921562375922
1318,-0.0373748725481218
1319,-0.05306164050112777
1320,-0.06291616947266385
1321,0.05005256095832947
1322,-0.04261900479309663
1323,0.013588703639918681
1324,-0.051508516280618775
1325,0.16349479979385267
1326,-0.08427996494838144
1327,-0.024461075845422474
1328,-0.058053107919060716
1329,-0.06878345168895246
1330,-0.05986742426782642
1331,-0.05274935585873207
1332,-0.0670220504494638
1333,0.007548837340346102
1334,-0.007961340905235217
1335,-0.047540834340446994
1336,-0.024718804274178725
1337,-0.007542757190082098
1338,-0.05831498022940664
1339,-0.07804821984343471
1340,-0.04315880474661624
1341,-0.0388469463082865
1342,-0.04819835577750146
1343,0.1604207363657182
1344,0.045189727788437065
1345,-0.0686321617807849
1346,-0.08074691348135563
1347,-0.008639549151633586
1348,-0.058639857046366685
1349,-0.03791954193352021
1350,-0.058365181134272415
1351,-0.08517888569531828
1352,-0.043366571985979936
1353,-0.04148909137470151
1354,-0.024461075845422474
1355,-0.04301887746670565
1356,-0.08913186749782515
1357,-0.055247493566023646
1358,-0.028170662959883172
1359,0.11692550264955676
1360,-0.06184108135122925
1361,-0.01564597292724578
1362,-0.048046447168431226
1363,-0.031247013108958513
1364,0.18106019043054244
1365,-0.0351787430269313
1366,0.19072463916665908
1367,-0.032876494335474744
1368,-0.055374483486307385
1369,-0.06439434455450023
1370,0.011023911332805995
1371,-0.05395453374162961
1372,-0.02891531431910825
1373,-0.030697082412545554
1374,0.004115721595675601
1375,-0.05745505869313037
1376,-0.06540867039352885
1377,0.03311211216418122
1378,-0.05442766764816962
1379,-0.0964003355171903
1380,-0.020572530941195055
1381,0.13113670371546837
1382,-0.01421608515638664
1383,-0.06305705080705823
1384,-0.044993686816134006
1385,-0.037716782625707684
1386,-0.04191920946797229
1387,-0.052359007306806926
1388,-0.02830922743008485
1389,-0.014189953287593942
1390,0.031319284357999466
1391,0.053019614144920395
1392,-0.024150543123403857
1393,-0.03645697353111166
1394,-0.04713650051948819
1395,-0.0030198974158199003
1396,0.15785471383358735
1397,-0.017808111539127564
1398,-0.03827372435856875
1399,0.13083138295719207
1400,0.1615054466296047
1401,-0.04188906774675674
1402,-0.021519632207949762
1403,-0.026050064676950816
1404,-0.007779397566155642
1405,-0.015395338855792615
1406,-0.024425704835091683
1407,-0.049982740046808756
1408,-0.02744570250811293
1409,0.051218575359346014
1410,0.050895916168359416
1411,0.023001360303315153
1412,-0.043351026910698955
1413,0.0032149866439321207
1414,-0.09372998895535634
1415,0.13581873051601467
1416,-0.049097581874669505
1417,-0.00245297284777532
1418,-0.04793620874288484
1419,-0.035215906141260224
1420,-0.023926411566954003
1421,-0.01759288963308837
1422,-0.034057067138889834
1423,-0.07056811986229074
1424,-0.03523396772627961
1425,-0.0033534524607167094
1426,0.050895916168359416
1427,0.0007418254476455513
1428,-0.03846909186285675
1429,0.13649933400324418
1430,-0.012173145209667384
1431,-0.018387549825299665
1432,0.12959141521633416
1433,-0.042573441623559485
1434,-0.0653118674351634
1435,0.15113270077848112
1436,0.14515080190540813
1437,-0.01792490216904048
1438,-0.02945421898711195
1439,0.02836761857575934
1440,-0.032293721836155975
1441,-0.05881830336867853
1442,-0.014645054513284277
1443,0.1252806034875866
1444,0.15209134873322053
1445,-0.04420478376607931
1446,-0.06955847566912174
1447,0.1849416995846203
1448,-0.03256429264330264
1449,-0.019407504850556468
1450,-0.025991986917810704
1451,-0.010878219107564592
1452,-0.06300824252372758
1453,-0.055363000438707545
1454,-0.06134372272791
1455,-0.033333881348655156
1456,-0.005777444849130875
1457,-0.0331485951277812
1458,-0.0017091941216178244
1459,-0.04583636435510026
1460,-0.021020901412201264
1461,-0.05291718302094467
1462,-0.07119160838301178
1463,0.1111278873222267
1464,-0.0566640675836354
1465,-0.05739563536495543
1466,-0.06883897726525591
1467,-0.04470914901225868
1468,-0.06215342874600088
1469,-0.04218694363235086
1470,0.1176626863909437
1471,-0.0790653877043608
1472,-0.03967085685910997
1473,0.028428734674720943
1474,-0.01555923320066316
1475,-0.0670146390235426
1476,-0.08086471116536732
1477,-0.035530399667538314
1478,-0.0398664369392124
1479,-0.017493925095844427
1480,-0.023683710711082117
1481,0.09933144064419605
1482,-0.02074070211655755
1483,-0.06366691832235581
1484,-0.03077493297995014
1485,-0.02513570053757193
1486,0.17949132462810663
1487,-0.014230355518424295
1488,-0.055287495611225944
1489,0.15428547720830355
1490,-0.04536163150773614
1491,-0.039075048334958076
1492,-0.06299160036396004
1493,-0.029242361448470793
1494,0.19210392361898
1495,-0.07580601447182961
1496,-0.004776535569466088
1497,-0.05186252262108637
1498,0.18442828815635545
1499,-0.06467850417995044
1500,0.13341164391018828
1501,-0.04013172428751301
1502,-0.06388118309297025
1503,-0.03275876534348316
1504,-0.02058947866371534
1505,0.041335390433864166
1506,-0.00443766924599441
1507,-0.06525106404917139
1508,-0.02825281530144804
1509,-0.01269672714358926
1510,0.15391724854507544
1511,0.13767419034912728
1512,-0.039475405496895426
1513,-0.05885080260295236
1514,0.18519351786727378
1515,-0.05189479943662266
1516,-0.05894213024180362
1517,0.15044253029551702
1518,-0.05682196022839175
1519,-0.03099760460249168
1520,-0.03455303663394401
1521,-0.021804791151360584
1522,-0.028860818453815724
1523,-0.0457362242671311
1524,-0.058178123576617335
1525,-0.03500585096388772
1526,-0.030043339276473804
1527,0.00209925077973888
1528,0.008602135960530104
1529,0.14543660727798385
1530,-0.06191498406490413
1531,-0.07082512492687489
1532,0.15108334890860584
1533,-0.08284061222220893
1534,-0.03925182909493923
1535,-0.04196132740793017
1536,-0.016265308597903837
1537,0.13951648068556344
1538,-0.05934195644978055
1539,-0.002281073371829685
1540,-0.02578775634987313
1541,0.0061835456573234
1542,-0.03500225512393652
1543,-0.08396647965435007
1544,-0.06775369747848364
1545,-0.06143101975521857
1546,0.14329152996493238
1547,-0.06840148115848596
1548,-0.026434118156908375
1549,-0.012015266971240448
1550,-0.02553943387346339
1551,-0.05810206363715942
1552,-0.023416205711139136
1553,-0.034379424226454125
1554,0.17671971925665556
1555,-0.05607154487451869
1556,-0.03242595421016491
1557,-0.021122738278325937
1558,0.1555223586250141
1559,-0.05325374728839608
1560,-0.09965231399702802
1561,-0.024080272643659063
1562,0.15936819495193671
1563,0.16686118478201992
1564,0.1406953335681167
1565,0.1077167157767072
1566,-0.0018138051765016405
1567,-0.0032923718405607786
1568,-0.039424676194195714
1569,-0.03098096125977361
1570,-0.003578432725852878
1571,-0.07114045263777756
1572,-0.05612156826237649
1573,0.03686726192742392
1574,0.18864266956614212
1575,0.14746963105697453
1576,0.012774994773492702
1577,-0.004623301464188954
1578,-0.06854507074721986
1579,-0.008064140608854986
1580,-0.010027614961472487
1581,-0.058477823784526275
1582,-0.027555587347766593
1583,-0.05825067267518265
1584,0.03919807581373335
1585,-0.003343505923537071
1586,-0.0294264360624875
1587,-0.020909187080572482
1588,-0.06194016517972542
1589,0.1606996511335739
1590,-0.03268783277463948
1591,0.1457776610750289
1592,0.12782929694744888
1593,-0.036430345544553155
1594,-0.00600162503633875
1595,0.17061519795763747
1596,-0.031490517597981535
1597,-0.03911826651136319
1598,0.0038558973528144
1599,0.006402657190079725
1600,0.053019614144920395
1601,-0.0008013062743062801
1602,0.07994981794810833
1603,-0.04008189373771915
1604,-0.029602176818306895
1605,-0.043703012180916795
1606,-0.04049891193627504
1607,-0.024689099120398305
1608,-0.020237264015005484
1609,0.029028826611396014
1610,-0.01877791694119446
1611,0.1750497740118023
1612,0.011775001858516161
1613,0.032332719658414874
1614,0.12796712883919095
1615,-0.032991124102500914
1616,-0.06850001872708378
1617,-0.025523383685306836
1618,-0.014937892892439858
1619,-0.062471633716522444
1620,-0.05561721695403147
1621,-0.05933499535465238
1622,-0.015558893822559455
1623,-0.03895304522452295
1624,0.17619022681370478
1625,0.00843141590643196
1626,-0.015101942887992593
1627,-0.010906475243353702
1628,-0.010868932565844263
1629,-0.0190116002981373
1630,-0.03759439827162786
1631,-0.05531885361335713
1632,-0.055688675153837845
1633,0.018287445599801187
1634,-0.051319326402465164
1635,0.15199508802964654
1636,-0.05686866974922566
1637,0.13026495892139112
1638,-0.017206805807891502
1639,0.007442186364575524
1640,-0.04948954992192028
1641,-0.028151811678061557
1642,-0.04848548856273744
1643,-0.033093746167054516
1644,-0.0555310447749893
1645,-0.05852133719847624
1646,-0.03921737152395203
1647,0.01003826385128929
1648,-0.045011020094869125
1649,0.18811956593509552
1650,-0.039923217896670624
1651,0.005732484510274319
1652,-0.013368275255414067
1653,-0.02890069071845462
1654,0.10933178717737503
1655,-0.07060207938999272
1656,-0.03617258952086975
1657,-0.04155941105951934
1658,-0.03286969807967545
1659,-0.028208737244686796
1660,0.13110450135475712
1661,0.004859204839377873
1662,0.00751765205421954
1663,-0.033557477129731145
1664,0.02836761857575934
1665,-0.020911343633686238
1666,-0.014597778739365694
1667,-0.041903495604926747
1668,-0.02381592077210148
1669,0.1416266031030079
1670,-0.00953220560292574
1671,-0.09024537040525786
1672,0.13498282525048816
1673,-0.036951704611724236
1674,0.0017079642731829543
1675,-0.02886593572167991
1676,-0.03621831306359463
1677,-0.023210801482219528
1678,0.1463502267891327
1679,-0.035250474591319275
1680,-0.04982901000497234
1681,0.014286788466792228
1682,-0.059204782863309
1683,-0.027414346269596376
1684,0.16687105905695124
1685,-0.042628632138840925
1686,-0.024663164014406807
1687,0.11750218676820358
1688,-0.02688176702546613
1689,-0.0006175009772069193
1690,-0.044869161187547205
1691,-0.00245297284777532
1692,-0.012084447418744591
1693,-0.03066123409265446
1694,-0.045296262734375085
1695,0.1684881972805075
1696,-0.0641108480427378
1697,-0.06754190521665726
1698,-0.016365298726747458
1699,-0.06948419741561157
1700,-0.03500225512393652
1701,-0.0705810328921369
1702,0.16969281258839392
1703,0.19133959117202445
1704,0.1763700206740299
1705,-0.021809261962223964
1706,-0.05244798516081778
1707,-0.03870855251218463
1708,-0.018723668927516333
1709,-0.05060537978372354
1710,-0.019570884229708048
1711,-0.049952640035043086
1712,0.16077274883792655
1713,-0.03268783277463948
1714,-0.014645054513284277
1715,-0.06553695025422224
1716,-0.07645201697378878
1717,-0.027085474383483528
1718,-0.03215690771476057
1719,0.1281761823850589
1720,-0.014517415586502639
1721,-0.00266827131349601
1722,-0.06212747009860063
1723,-0.02423395011989781
1724,-0.022932490153956986
1725,-0.01803887196015581
1726,0.045189727788437065
1727,-0.014517415586502639
1728,-0.039520360131653734
1729,-0.019407504850556468
1730,-0.029139425833573165
1731,-0.04320794817039181
1732,-0.05012128446766247
1733,-0.019350635605527657
1734,-0.004347390723413747
1735,0.004705531580736764
1736,-0.0050937215927352505
1737,-0.027533705480669947
1738,0.15333895236335707
1739,0.12207222942201293
1740,-0.0024504093249707007
1741,0.12939678706459062
1742,0.1369856576817728
1743,0.037760169223218565
1744,-0.02334805019650555
1745,-0.0534952369823384
1746,0.033664122316660536
1747,-0.0013407749464098306
1748,-0.04155053179577545
1749,-0.012610168510735091
1750,-0.023153097750485293
1751,-0.05819266553560898
1752,-0.00245297284777532
1753,-0.021370664320118908
1754,-0.03367240839770216
1755,-0.04420969805782993
1756,0.03686726192742392
1757,-0.05594763675639347
1758,-0.05144823311089802
1759,0.0038666640881964264
1760,-0.03998744125334735
1761,-0.036140756445445024
1762,-0.04339684981839366
1763,-0.018774516311053348
1764,-0.04339684981839366
1765,-0.04646293340718187
1766,0.1296117755879599
1767,-0.035081051997312616
1768,-0.042193795270865864
1769,-0.07855722084579582
1770,-0.041203176158037785
1771,-0.028618655218531845
1772,-0.020438165564703206
1773,-0.025758064023747456
1774,-0.02364591434481233
1775,-0.05856897599633586
1776,0.01355943236052372
1777,-0.0512350411857271
1778,-0.026079765225144356
1779,-0.023082044828127188
1780,0.0013633081121424873
1781,-0.018980277000695493
1782,-0.06568807946365238
1783,0.03686726192742392
1784,-0.0646311831920689
1785,-0.04351455705514379
1786,-0.029001418529144257
1787,-0.011649580779649208
1788,-0.008064140608854986
1789,-0.03256429264330264
1790,-0.025360829003016346
1791,-0.04252779438224648
1792,-0.04294748159089717
1793,-0.02666656627474335
1794,-0.028151811678061557
1795,-0.03633153148115517
1796,-0.013741290384972567
1797,-0.05767727312673937
1798,-0.05573704979214881
1799,-0.05920781422549101
1800,0.1370272628935615
1801,-0.05693797763042431
1802,-0.04777686507679569
1803,-0.020713078654737753
1804,-0.030931529178692525
1805,-0.02099017632894706
1806,0.18638537420159088
1807,0.1347546381532342
1808,-0.026050064676950816
1809,-0.05605997252252938
1810,-0.06858003524409176
1811,-0.05266906567176791
1812,-0.051867657597434245
1813,-0.00538624367794299
1814,-0.010681078093643092
1815,-0.013340637988059711
1816,-0.02334805019650555
1817,0.11316288335831237
1818,-0.006048282338746262
1819,-0.04241489096912865
1820,-0.028576042806724836
1821,-0.032876494335474744
1822,-0.05779948465548802
1823,-0.04470914901225868
1824,-0.036027978979821546
1825,0.011262504737527077
1826,-0.04337329200456781
1827,-0.037234921196405805
1828,-0.0608954201506303
1829,0.0016196688863039117
1830,-0.03407690964845603
1831,-0.016365298726747458
1832,0.12714915407364716
1833,-0.022810401982754712
1834,-0.044408541196147275
1835,-0.023048853877745218
1836,-0.05382651391665725
1837,-0.029421359021081433
1838,-0.0466570284823542
1839,-0.043651642014605446
1840,-0.03586116672440671
1841,-0.02675392533208314
1842,-0.03069147537067898
1843,-0.07668890013200637
1844,-0.08405186851855374
1845,-0.059658671599298455
1846,-0.04809401329157803
1847,-0.014632832596660652
1848,-0.05817881892411406
1849,0.13125508622310197
1850,0.16607257197463893
1851,0.12234938852536743
1852,-0.042572643869759064
1853,-0.047091257901299005
1854,0.17820917580369441
1855,-0.05538757832983594
1856,-0.0435217320419914
1857,0.1670566357913186
1858,0.15981096795265493
1859,-0.0010291436754497189
1860,0.16388045433456533
1861,0.1311378915003666
1862,-0.03703732961849017
1863,0.1746619595850593
1864,-0.003936873311870658
1865,-0.01840831967416515
1866,-0.04473277585314114
1867,-0.0614086310782133
1868,0.015286518784936223
1869,0.1476321211921906
1870,-0.022953972406085914
1871,0.14504185835835662
1872,-0.011325529518792073
1873,-0.01659611339336211
1874,-0.025581453231769375
1875,-0.007082022062147264
1876,-0.04662743970408647
1877,-0.02006428624870813
1878,-0.06315073809737912
1879,0.12589108922702055
1880,-0.03154500446471535
1881,-0.006730093351002729
1882,-0.033127186093202254
1883,-0.034405277547322456
1884,0.0007418254476455513
1885,-0.023209854568064427
1886,-0.03285324561147201
1887,0.1919106909191087
1888,-0.04625307487599793
1889,-0.05798560908980492
1890,-0.020605258825266162
1891,0.007854174516009553
1892,-0.003343505923537071
1893,0.14903920235240564
1894,-0.0018138051765016405
1895,0.1471220851462854
1896,0.15197360923275066
1897,-0.057994854163733754
1898,0.1592496744122348
1899,0.18454866709149112
1900,-0.010307937694286437
1901,0.018468429611578855
1902,-0.01943318533740221
1903,-0.0650222123641015
1904,-0.000460303751589136
1905,-0.07069869721686672
1906,-0.012926246507690527
1907,-0.014090916611644359
1908,-0.01165418731679576
1909,-0.04244414718633169
1910,-0.04013194113463264
1911,-0.023210801482219528
1912,-0.012546574746304285
1913,-0.02675392533208314
1914,0.1315576570884978
1915,-0.06084263601006634
1916,-0.020498627077047468
1917,-0.04306192429515276
1918,-0.033480041632586034
1919,-0.01973674354539514
1920,-0.016046726004100002
1921,-0.05599112553728099
1922,-0.01963274868006955
1923,-0.0047163726872111855
1924,0.15708835139369054
1925,0.1523561916361099
1926,0.04610406987030577
1927,-0.03749475134636341
1928,-0.007611834275635436
1929,-0.03700463178270317
1930,-0.05414238754504819
1931,-0.024644267868868745
1932,0.030270981754361985
1933,-0.05520649098098257
1934,-0.09662579402641741
1935,-0.0273376048234089
1936,-0.015522959543305473
1937,-0.05204652696160684
1938,-0.033093746167054516
1939,-0.01605494943589575
1940,-0.03632620146803298
1941,-0.05357589115367033
1942,0.15027374337854024
1943,0.1448277020707454
1944,-0.04681864897524382
1945,-0.050694681405589075
1946,-0.053947470185069304
1947,-0.053818295328228086
1948,0.008822230629131357
1949,-0.026134611888216395
1950,-0.0657034881415295
1951,0.036399720330410335
1952,-0.027305446478837845
1953,-0.028957169425981373
1954,-0.04074164681450039
1955,0.1365749331681581
1956,-0.04009903031493265
1957,-0.0246976837156811
1958,-0.04004426447607459
1959,0.16674866123789778
1960,0.17524354710918416
1961,-0.02347502745613769
1962,0.18087182248474964
1963,-0.05271084688322828
1964,-0.07619978708815132
1965,0.03346337173898101
1966,0.002265894329469931
1967,-0.04677208738333083
1968,-0.05606952939938663
1969,-0.005619134134555172
1970,-0.028533348663460703
1971,-0.03625248369889973
1972,-0.08419098777430985
1973,-0.04065982233255122
1974,-0.01795949699553452
1975,-0.06332170774429577
1976,0.03724981722517621
1977,-0.04185910934534358
1978,-0.05543065979511771
1979,0.15820858401447235
1980,0.18781109908980273
1981,-0.02733148925534739
1982,-0.020405774070101544
1983,0.013809867631493186
1984,-0.01243263105907308
1985,-0.016290820604279943
1986,-0.007344673613239577
1987,-0.007740347928466796
1988,-0.08005553412100053
1989,0.036399720330410335
1990,-0.03178537452417239
1991,-0.024962608021416068
1992,-0.051402252074957064
1993,0.159631885113213
1994,0.14922376121604547
1995,-0.011125753466087332
1996,-0.053428323950469994
1997,-0.037068949817751634
1998,0.029078482164098834
1999,-0.06249119311406512
2000,-0.0665142924270138
2001,-0.04131342961763325
2002,0.008834917686472793
2003,0.1806636055117934
2004,0.16223807698446716
2005,-0.0018138051765016405
2006,-0.01165418731679576
2007,-0.03247387151272296
2008,-0.05890410524609866
2009,-0.04228875479005397
2010,-0.057800651706348946
2011,0.15896163888105252
2012,-0.015427763138734188
2013,-0.07288141808987851
2014,0.15282530748770806
2015,-0.061489652439886466
2016,0.13050059986226292
2017,0.15220119921394193
2018,0.010959717038602032
2019,-0.04264176493665448
2020,-0.04572024321792886
2021,-0.008882968219156599
2022,-0.06532617565397338
2023,0.1378300049180406
2024,-0.03335515122451297
2025,0.03974031622467221
2026,0.1452403815781945
2027,0.028030644011357738
2028,-0.016365298726747458
2029,-0.034704893828774744
2030,-0.01763781683951332
2031,-0.00538624367794299
2032,-0.006048282338746262
2033,0.0017923139282476062
2034,0.04807844029427876
2035,-0.026547555220911307
2036,0.1435845302681581
2037,-0.003815456198823612
2038,-0.04339684981839366
2039,0.044055312047189606
2040,0.015240760319133368
2041,0.1293738815581517
2042,-0.03609971272854914
2043,-0.033093746167054516
2044,-0.04151594244718746
2045,-0.032781453892186764
2046,-0.03336458263773068
2047,0.044055312047189606
2048,0.016984984271959946
2049,-0.019951152192581385
2050,0.015922702145500293
2051,-0.04446257273253065
2052,0.027902957120148973
2053,0.02029172452725715
2054,0.009288969116664223
2055,-0.0159668745960079
2056,-0.03397404163549023
2057,-0.05406158998283967
2058,-0.017786239521232844
2059,-0.045276867788349766
2060,-0.04469679324230967
2061,-0.059993787697804224
2062,-0.00396270589916738
2063,0.04807844029427876
2064,-0.019812906127236577
2065,-0.034405277547322456
2066,-0.07938195552724195
2067,-0.06123140073035765
2068,-0.04440991117779866
2069,-0.057677609061801596
2070,-0.09449176629431684
2071,-0.039367614092110904
2072,0.03686726192742392
2073,-0.03700463178270317
2074,-0.04661017439283299
2075,-0.029452880459882362
2076,-0.025598805895827376
2077,0.011143950228525826
2078,-0.026365881993957584
2079,-0.03723817011285286
2080,-0.00954653429745461
2081,-0.05668645773206091
2082,-0.030122266734466135
2083,-0.05041671205246047
2084,-0.05008974241665122
2085,-0.032229563918897725
2086,0.14346007821613965
2087,-0.018506252235629808
2088,0.12891172654605693
2089,0.19104337793571458
2090,0.00018303902853965097
2091,-0.008639549151633586
2092,0.1447353736393423
2093,-0.06666941340762506
2094,0.1487239937637066
2095,-0.005969439842771006
2096,-0.05842659975546147
2097,-0.07586821356304807
2098,-0.025598805895827376
2099,-0.02520763383021521
2100,0.044055312047189606
2101,0.010959717038602032
2102,0.015070026694920776
2103,0.14595179439075837
2104,-0.03890937138669354
2105,-0.02344347539490896
2106,-0.04365819100182789
2107,-0.010906475243353702
2108,-0.026624813045483024
2109,-0.011125753466087332
2110,-0.05924413333289505
2111,-0.019407504850556468
2112,-0.010876922673608317
2113,-0.018443606888161438
2114,0.12044495131763605
2115,-0.01808983430000822
2116,-0.017943808726634303
2117,-0.03446102436082447
2118,-0.020194112006660485
2119,-0.01763588390475461
2120,-0.04417302219174358
2121,0.013855934523917542
2122,-0.04475074536103768
2123,0.0030638287005032142
2124,0.003937796250629171
2125,-0.049957660010822295
2126,-0.031270788888000986
2127,-0.02455379968574108
2128,-0.04334854481082809
2129,-0.02706472869983914
2130,0.011775001858516161
2131,-0.008576669464988364
2132,0.11942632238220609
2133,0.1659862425380465
2134,-0.05760699612062987
2135,-0.05016365888473571
2136,0.02696798961407977
2137,-0.03591455584291601
2138,0.1389794259189318
2139,0.11440946194506713
2140,-0.07992722211699449
2141,-0.057265360449000956
2142,-0.02945421898711195
2143,-0.055155907366763623
2144,-0.07184181689530655
2145,0.026559539462971855
2146,-0.034531452707550606
2147,-0.004982750505298699
2148,-0.045531136928091055
2149,-0.04028349506701336
2150,-0.02331573887585356
2151,0.050895916168359416
2152,-0.0534771313229496
2153,-0.019931680039135098
2154,-0.06787593813211011
2155,-0.061307175657622004
2156,0.16424916382911356
2157,-0.03138272639695031
2158,-0.09050898548757645
2159,-0.0003434299611316154
2160,-0.022025949526087253
2161,-0.04534872828809998
2162,-0.0068153667677799
2163,-0.04343849867623724
2164,-0.03752580998967534
2165,0.14460876569235814
2166,-0.06705303137278906
2167,-0.01564597292724578
2168,0.044055312047189606
2169,-0.0548274493476629
2170,-0.06257279165044528
2171,-0.01763781683951332
2172,0.03927892214634113
2173,0.003352597259212416
2174,-0.013039492562159694
2175,-0.008787253115529744
2176,-0.014517415586502639
2177,0.002265894329469931
2178,-0.022723965437770968
2179,0.1233744468219555
2180,-0.006002667349892533
2181,0.1929696702739193
2182,-0.04400837946595786
2183,-0.05629356994595111
2184,-0.05381333439199107
2185,-0.03586437016088807
2186,-0.01821342599726294
2187,-0.03063384005505566
2188,-0.055593390437220114
2189,-0.04247806936546893
2190,-0.05326551735612763
2191,0.14582137917494176
2192,-0.04381606480490146
2193,-0.034984030782614445
2194,-0.02447370618579111
2195,-0.050821485875222144
2196,0.031319284357999466
2197,-0.03397404163549023
2198,-0.000665556945945539
2199,0.1237052552059112
2200,-0.04320794817039181
2201,-0.0649002812673949
2202,-0.041666903605471324
2203,-0.0007233292088336435
2204,0.15519458496514513
2205,0.04610406987030577
2206,0.16401923947992977
2207,0.1766005179293639
2208,0.009066143251543441
2209,-0.0373928588801127
2210,-0.04825050344899174
2211,-0.024375632160235007
2212,-0.03503678793516852
2213,-0.0702138249719119
2214,0.0020146441509273053
2215,-0.05204652696160684
2216,-0.020112473577879455
2217,-0.04922958481156452
2218,0.0933251246812634
2219,0.15396421219513987
2220,-0.05593093578758519
2221,-0.06686174208527673
2222,0.0374308689556895
2223,-0.046835026659293094
2224,-0.05682270788359107
2225,-0.03985750219962832
2226,0.003561617742487028
2227,-0.04710988511903509
2228,0.03346337173898101
2229,0.03311211216418122
2230,0.007801462829568611
2231,0.1372379368100492
2232,0.16690331635674374
2233,-0.0584554345641489
2234,-0.0601718280910004
2235,-0.07723541447649582
2236,0.15204165944392006
2237,0.13644379532292103
2238,0.14542906886200885
2239,-0.05157727183149065
2240,0.18951170438860085
2241,-0.026624813045483024
2242,-0.02981485138140169
2243,-0.025217476649542624
2244,-0.03742372267289595
2245,-0.06003445702954295
2246,0.17545370342169248
2247,-0.006151111575440607
2248,-0.053342357387224974
2249,-0.06794712111546931
2250,0.02029172452725715
2251,-0.04484554632066666
2252,0.013640375466279234
2253,-0.03685127590611143
2254,-0.06868177625957587
2255,0.023001360303315153
2256,-0.01937845427446074
2257,-0.07142408164429842
2258,-0.01803887196015581
2259,-0.05779731190606172
2260,0.011619059306525273
2261,-0.06065977594569285
2262,-0.10109188176716204
2263,0.02863569797009283
2264,-0.018723668927516333
2265,-0.06138402259127598
2266,-0.04301196522195041
2267,0.1873447671543699
2268,-0.03386705482928093
2269,-0.07520689657717036
2270,-0.028626701188064266
2271,-0.010437258341767383
2272,-0.06457873687262736
2273,0.14823566718004708
2274,-0.06652162731500477
2275,0.003407152289353018
2276,-0.023110687043960673
2277,-0.03492215507971322
2278,-0.0675357357902969
2279,-0.054216214869295974
2280,0.1356020146652701
2281,-0.0206877534845896
2282,0.13504469074092224
2283,0.1494192133388797
2284,-0.06835895956739654
2285,-0.03759439827162786
2286,-0.040479147180821934
2287,-0.0874417212063037
2288,-0.007912788349065194
2289,-0.019407504850556468
2290,0.15605771809767155
2291,-0.031270788888000986
2292,-0.009870022973834387
2293,-0.0653121104751695
2294,0.1181893654183548
2295,-0.04505951184523978
2296,-0.006167657320679986
2297,-0.004319594263562673
2298,-0.03196068873515047
2299,0.17524354710918416
2300,0.13316272795126158
2301,-0.09199594092690043
2302,-0.019570884229708048
2303,0.01992199546056248
2304,-0.043315314685653465
2305,0.010613218668519083
2306,-0.0027085264214118947
2307,-0.03025844450670368
2308,0.1327479235097035
2309,-0.03217143805314391
2310,-0.04519377783224032
2311,-0.028822299958020298
2312,0.016892120673701178
2313,-0.041466587256091925
2314,-0.032786698281539184
2315,-0.041311907196137976
2316,-0.053944754424289816
2317,-0.04387688465385836
2318,-0.01958696581283947
2319,-0.05007895008629127
2320,0.022710491798849156
2321,-0.012766682752971768
2322,-0.0035807862498501825
2323,-0.053217783387681294
2324,-0.06795857412086939
2325,0.002265894329469931
2326,-0.05266322947515876
2327,-0.05266502797737619
2328,-0.04993507602863882
2329,-0.0360988430683158
2330,0.1414331709072585
2331,-0.014645054513284277
2332,0.1361588675448296
2333,-0.02756348882435697
2334,-0.04287780262868088
2335,0.11664339215579546
2336,-0.008749403592224089
2337,-0.028750107550144434
2338,-0.051292409906611214
2339,0.14833272824655563
2340,0.043647185028574176
2341,0.1870143416519478
2342,-0.057975515744530165
2343,-0.06528757346176842
2344,0.17450244465795356
2345,0.01346837601980758
2346,0.15421545754738092
2347,-0.015319650586048941
2348,0.03927892214634113
2349,-0.06359006921337228
2350,-0.049714387480529594
2351,-0.013665718537983462
2352,-0.013039492562159694
2353,-0.05855025832140096
2354,-0.0348891816609899
2355,-0.05134626327413534
2356,-0.020623239443398767
2357,0.02632069183940182
2358,-0.022025949526087253
2359,-0.05824603660082173
2360,0.02178384439699676
2361,0.023001360303315153
2362,0.023001360303315153
2363,-0.06105955842992332
2364,-0.06438630112121622
2365,-5.826831945979867e-05
2366,-0.024425704835091683
2367,-0.06029535864586847
2368,-0.02617757966664446
2369,-0.04745799772094421
2370,-0.01564597292724578
2371,-0.009201062621514967
2372,-0.03213220881226545
2373,-0.01400959688478307
2374,-0.04889405206783881
2375,-0.05274935585873207
2376,0.1518196372187246
2377,-0.025624153410792667
2378,-0.00838024783304903
2379,0.18811351712070765
2380,0.002367163895017641
2381,-0.032140232938116076
2382,0.17226840289176207
2383,0.011586047103215709
2384,-0.053274640440308066
2385,-0.015719559140601514
2386,-0.03403144664204574
2387,-0.039225045990215715
2388,0.17989890924873733
2389,0.008056175421647327
2390,-0.04891217285797669
2391,-0.041401352897844565
2392,-0.04618197823067831
2393,-0.025946955011170062
2394,-0.0732341521021623
2395,0.026011867811483094
2396,-0.042414271229897646
2397,0.18978529878064293
2398,0.03038502442504541
2399,-0.026547134176682155
2400,-0.06146526481617074
2401,0.0017079642731829543
2402,0.010243378447955365
2403,0.15649129196731654
2404,0.18136910388028885
2405,-0.045799747532423926
2406,-0.0584736347119568
2407,-0.054767936607355704
2408,-0.10263414414966232
2409,-0.03959610122011175
2410,0.17503893422472894
2411,0.09884508114379943
2412,0.0031999293884960884
2413,-0.0057773986001556435
2414,-0.01759288963308837
2415,-0.011867424566632125
2416,-0.0321150604544804
2417,-0.04045072193585421
2418,0.011775001858516161
2419,-0.062033399928649556
2420,0.12745231745818292
2421,0.1475681526573709
2422,-0.06627310956434568
2423,0.11477148000011979
2424,-0.0027085264214118947
2425,-0.01699394107738296
2426,0.15773263993581227
2427,-0.021965770248217605
2428,0.11111685781780965
2429,-0.06751684600875679
2430,-0.045963348425667676
2431,-0.07008816768733674
2432,-0.08413412679257595
2433,-0.06529826748398375
2434,-0.05751741906137618
2435,-0.027981323612781574
2436,-0.09123494886970349
2437,-0.06808634347465492
2438,-0.061509012278009395
2439,0.12929368641033998
2440,-0.049804801813714036
2441,-0.0275559017733967
2442,0.16542116852335798
2443,-0.06592052977162233
2444,0.041335390433864166
2445,-0.06307332614090283
2446,-0.08158478556869221
2447,-0.024461075845422474
2448,0.05005256095832947
2449,-0.06802090540611261
2450,-0.0848399099240353
2451,0.18177619048582244
2452,-0.050358939076246764
2453,0.13645800953553452
2454,-0.02339633707072407
2455,-0.06284060545278974
2456,-0.014224028396827796
2457,0.052976545654001166
2458,-0.04368660977270461
2459,-0.054535532835381574
2460,-0.04231979466056928
2461,-0.05690890772705122
2462,-0.027501529720728855
2463,-0.07104263909875935
2464,-0.045791020159799495
2465,0.02035223914691811
2466,-0.036430345544553155
2467,-0.04828501539325796
2468,0.16115639884930674
2469,0.04424862491851635
2470,-0.031790412070082874
2471,0.1517855124630294
2472,-0.03995470179330183
2473,-0.04581474785428248
2474,-0.03612820836858525
2475,-0.025409174952632167
2476,-0.0740242046557414
2477,-0.04770716630103908
2478,0.016297672332934512
2479,-0.035478982956594754
2480,-0.07143095634337983
2481,0.006151083827684893
2482,-0.006730093351002729
2483,0.008834917686472793
2484,-0.024410861273159095
2485,0.13153017698856706
2486,-0.052707482825929096
2487,-0.009107929832595276
2488,-0.05177358497244358
2489,-0.046025406146350666
2490,0.18978529878064293
2491,-0.02945421898711195
2492,0.014397789996165412
2493,-0.021578731838841795
2494,0.005839484674012742
2495,-0.04193785941990898
2496,0.1176626863909437
2497,-0.07539727657741904
2498,-0.08479621937379767
2499,-0.02292917241340955
2500,-0.04294839517451815
2501,0.18811351712070765
2502,0.031319284357999466
2503,0.12336246373396337
